6666666666996666699666666666966666666669999999996699999999966996666669966666666
6666666666996666699666666669996666666669999999996699999999966699666699666666666
6666666666996666699666666699669966666669966666996699666669966669966996666666666
6666666666999999999666666996666996666669999999996699999999966666999966666666666
6666666666999999999666669999999999666669999999996699999999966666699666666666666
6666666666996666699666699999999999966669966666666699666666666666699666666666666
6666666666996666699666996666666666996669966666666699666666666666699666666666666
6666666666996666699669966666666666699669966666666699666666666666699666666666666
6666666666666666666666666666666666666666666666666666666666666666666666666666666
9966666996699999999669966666996666699666666996999999996666666696666666699999999
9996666996699999999669966666996666669966669966999999996666666999666666699999999
9999666996699666666669966666996666666996699666996666666666669969966666699666699
9969966996699999999669966966996666666699996666999999996666699666996666699999999
9966996996699999999669969996996666666669966666999999996666999999999666699999999
9966699996699666666669999699996666666669966666996666666669999999999966699699666
9966669996699999999669996669996666666669966666999999996699666666666996699669966
9966666996699999999669966666996666666669966666999999996996666666666699699666699
6666666666666666666666666666666666666666666666666666666666666666666666666666666
6666666666666666666666699999999666999699999666999666699966666666666666666666666
6666666666666666666666699999999666996666699666699666669966666666666666666666666
6666666666666666666666666666996666999666699666699666669966666666666666666666666
6666666666666666666666666669966666996696699666699666669966666666666666666666666
6666666666666666666666666699666666996669699666699666669966666666666666666666666
6666666666666666666666669966666666996666999666699666669966666666666666666666666
6666666666666666666666699999999666996666699666699666669966666666666666666666666
6666666666666666666666699999999666999699999666999966699996666666666666666666666
